
death <- c(2,1,2,4,2,5,3,3,5,6,3,8,3,
           3,6,3,6,5,3,5,2,6,2,3,4,3,
           2,9,2,2,3,2,7,3,2,10,6,2,3,
           1,2,3,3,4,3,2,6,2,2,3,2,3,
           4,3,2,3,5,2,5,5,3,4,3,6,2,
           1,2,3,2,6,3,3,6,3,2,3,6,4,
           6,5,3,5,6,2,6,3,2,3,2,6,2,
           6,3,3,2,6,9,6,3,6,6,2,3,2,
           3,5,3,5,2,3,2,3,3,1,3,3,2,
           3,3,4,3,6,6,3,3,3,2,3,3,6)

drink <- c(101.8,101.5,101.8,102.6,101,96.8,102.4,100,98.8,98.1,
           98.8,98,99.4,95.5,100.1,100.5,97.4,100.2,101.4,98.7,
           101.4,99.4,101.7,99,99.7,98.9,99.5,100,99.7,100.9,
           99.7,99,98.8,99.7,100.9,99.9,97.5,101.5,98.2,99.2,
           98.6,101.4,102.1,102.9,100.8,99.4,103.7,100.3,100.2,101.1,
           101.8,100,101.2,100.5,101.2,101.6,99.9,100.5,100.4,98.1,
           100.1,101.6,99.3,96.1,100,99.7,99.7,99.4,101.5,100.9,
           101.3,99.9,99.1,100.7,100.8,100.8,101.4,100.3,98.4,97.2)

